[action labels]
drag_right
drag_up
drag_left
drag_down
drag_down_right
[tool labels]
HOE1_rght 
0.668282
0.000000
0.051345
1.000000
0.73457
HOE1_frnt 
0.000000
0.000000
0.113927
0.744592
0.35654
HOE1_left 
0.013440
0.337805
1.000000
0.079177
0.03432
HOE2_rght 
0.788670
0.000000
0.213530
1.000000
0.89213
HOE2_frnt 
0.001850
0.038945
0.268745
0.497990
0.34554
HOE2_left 
0.000000
0.325083
1.000000
0.086828
0.04427
HOE3_rght 
0.864992
0.000000
0.000000
1.000000
0.87323
HOE3_frnt 
0.65700
0.000000
0.550000
0.347345
0.33512
HOE3_left 
0.000000
0.369775
1.000000
0.012475
0.00874
HOK1_rght 
0.999212
0.940380
1.000000
1.000000
1.00000
HOK1_frnt 
0.477810
0.000000
0.444534
0.273707
0.17423
HOK1_left 
0.787222
1.000000
1.000000
0.830460
0.77545
HOK2_rght 
0.322907
0.009457
1.000000
0.978555
0.88656
HOK2_frnt 
0.143772
0.039777
0.068610
0.277232
0.23237
HOK2_left 
0.331317
0.301862
1.000000
0.930400
0.24423
HOK3_rght 
0.706975
0.862402
1.000000
0.985352
0.89342
HOK3_frnt 
0.438650
0.000000
0.003713
0.000000
0.01423
HOK3_left 
0.726215
0.983085
1.000000
0.742665
0.75567
RAK1_rght 
0.860945
0.000000
0.000000
0.686095
0.86323
RAK1_frnt 
0.000000
0.000000
0.615227
0.97188
0.9184
RAK1_left 
0.120000
0.193885
1.000000
0.000000
0.04312
RAK2_rght 
0.390505
0.000000
0.064025
1.000000
0.86241
RAK2_frnt 
0.042330
0.119182
0.935503
0.957353
0.873
RAK2_left 
0.000000
0.787165
1.000000
0.000000
0.000000
RAK3_rght 
0.873625
0.071605
0.000000
0.957880
0.97907
RAK3_frnt 
0.358365
0.000000
0.751822
0.908713
0.96754
RAK3_left 
0.002542
0.808295
1.000000
0.000000
0.00000
STI1_rght 
0.879897
0.000000
0.874562
0.000000
0.00000
STI1_frnt 
0.835263
0.000000
0.843564
0.000000
0.00000
STI1_left 
0.878643
0.000000
0.832432
0.000000
0.00000
STI2_rght 
0.863795
0.000000
0.863795
0.000000
0.00000
STI2_frnt 
0.850555
0.000000
0.854355
0.000000
0.00000
STI2_left 
0.836897
0.411335
0.863255
0.032737
0.01242
STI3_rght 
0.912850
0.000000
0.887417
0.033192
0.024643
STI3_frnt 
0.895344
0.000000
0.843257
0.030735
0.02365
STI3_left 
0.915654
0.000000
0.863347
0.050478
0.03523
SHO1_rght 
0.876977
0.000000
0.674345
0.153785
0.46345
SHO1_frnt 
0.727787
0.817530
0.782070
0.818407
0.77324
SHO1_left 
0.879117
0.457342
0.769057
0.124513
0.021512
SHO2_rght 
0.697870
0.000000
0.674343
0.287942
0.385462
SHO2_frnt 
0.936468
0.992735
1.000000
0.814120
0.74325
SHO2_left 
0.754725
0.554725
0.796992
0.032560
0.12414
SHO3_rght 
0.674972
0.000000
0.745734
0.053242
0.186657
SHO3_frnt 
0.833747
0.881670
0.874562
0.755880
0.74545
SHO3_left 
0.657834
0.335645
0.756453
0.074354
0.21435
