[action labels]
drag_right
drag_right_up
drag_up
drag_left_up
drag_left
drag_left_down
drag_down
drag_down_right
[tool labels]
hoe0_rght
0.100154 0.100816 0.0947434 0.0717605 0.0687584 0.0780987 
0.0535787 0.053672 0.0499137 0.050693 0.0530215 0.0304114 
0 0 0 0 0 0.00114686 
0 0 0.00088442 0.000868191 
0 0 0.00130361 0.000781017 
0.0448798 0.025966 0.0450875 0.0292751 
0.136924 0.199665 0.146912 0.140945 
0.104335 0.114379 0.0970495 0.0983491 
hoe0_frnt
0 0.000235534 0 0 
0 0.00012505 0.0019283 0 
0.0412535 0.0413043 0.039542 0.0422887 
0.000106052 0.00132425 0.000360643 0 
0 0.000972001 0.00114513 0 
0.0526237 0.1256 0.0616828 0.0522728 
0.124911 0.146045 0.146249 0.146798 0.14628 
0.0889239 0.0977803 0.100689 0.0477693 0.0517458 
hoe0_left
0.00117385 0.0165203 0.00279146 0.0107848 0.00522289 
0.00353697 0.0138208 0.00426657 0.00441961 0.00376935 
0.0233824 0.00452511 0.00352467 0.0037242 0.00235953 
0.105504 0.0900147 0.0799334 0.0905012 0.0801066 
0.121643 0.0985064 0.0970341 0.104229 0.0985891 
0.172124 0.140265 0.142605 0.140631 0.443637 
0.157323 0.1408 0.138271 0.138899 0.138559 
0.0373892 0.0443145 0.0403597 0.0437001 0.0340761 
hoe1_rght
0.102286 0.081388 0.0809573 0.0805333 0.0809778 
0.0517651 0.0298331 0.0390872 0.0345717 0.0316852 
0 0 0 0 0 
0 0 0 0 0 
0 0 0 0 0 0 
0.0606288 0.0430778 0.0421658 0.0426369 0.0340419 0.0388127 
0.134662 0.115639 0.10893 0.143514 0.142063 
0.112349 0.0920032 0.0987834 0.0964197 0.10084 
hoe1_frnt
0 0 0 0 0 
0 0 0 0 0 
0.0597523 0.042091 0.0427176 0.0424849 0.0408304 
0 0 0 0 0 
0 0 0 0 0 
0.029196 0.0310628 0.0298652 0.0270722 0.0327058 
0.16432 0.146117 0.147989 0.148177 0.14676 
0.0348239 0.0315126 0.0343991 0.0325846 0.0324988 
hoe1_left
0 0.00214682 0 0.000998094 0.00105753 
0 0 0.000783314 0 0.00138281 
0.0070351 0 0.00106719 0.0212585 0.0107461 
0.0919823 0.0899467 0.0783636 0.0882947 0.0885183 
0.126263 0.104522 0.106599 0.103468 0.1063 
0.15227 0.139322 0.131803 0.136172 0.133957 
0.16014 0.141717 0.140726 0.141895 0.141957 
0.0495249 0.0391746 0.039678 0.0373313 0.0374833 
hoe2_rght
0.101649 0.0833199 0.0835308 0.0832383 0.0830429 
0.0586054 0.0363651 0.0387034 0.0367827 0.035804 
0 0.00204426 0.000790516 0.00226395 0.0055259 
0.000318146 0.00206147 0.00510965 0.00238143 
0 0.002193 0.00224591 0.00239809 
0.0438677 0.0455358 0.0438908 0.0450615 
0.160107 0.142487 0.119883 0.11313 
0.112414 0.102138 0.09462 0.0922764 
hoe2_frnt
0.000936831 0.00515719 0 0 0.000730782 
0 0 0 0 
0.0599304 0.0425606 0.0409834 0.0401761 
0.00215476 0.00078084 0 0 
0.00419616 0 0 0.0011804 
0.146077 0.141406 0.14104 0.140206 
0.115361 0.14718 0.14297 0.145519 
0.077749 0.0995744 0.0543282 0.0526383 
hoe2_left
0.00864983 0.00445272 0.0156894 0.0196787 
0.0155161 0.0066582 0.00578795 0.0105649 0.0107717 
0.00311368 0.00381445 0.00310749 0.0118471 0.0050976 
0.107303 0.0941135 0.0897352 0.0791754 0.0779389 
0.12299 0.10813 0.105523 0.105107 0.110712 
0.261493 0.143757 0.143175 0.140509 0.142071 
0.0712332 0.140551 0.141618 0.141917 0.141062 0.140941 
0.0277978 0.0411132 0.040786 0.0426837 0.0396439 
hoe3_rght
0.0796717 0.0602845 0.0606198 0.0600053 0.060205 
0.0425599 0.0378514 0.0246569 0.0261355 0.0197434 
0 0 0 0 0 
0 0 0 0 0 
0.0255705 0 0 0 0 
0.042589 0.042672 0.0406384 0.0254737 0.0416058 
0.188368 0.138049 0.117864 0.104116 0.142998 
0.104006 0.0892562 0.0787212 0.0791002 
hoe3_frnt
0 0 0 0 0 
0 0 0 0 0 
0.0567386 0.0244723 0.0356667 0.0376813 0.0373989 
0 0 0 0 0 
0.00108301 0 0 0 0 
0.031966 0.025307 0.0307602 0.0279739 0.0304955 
0.101499 0.145309 0.148897 0.148701 0.146944 
0.0312869 0.0305849 0.0329277 0.034261 
hoe3_left
0 0 0.00137788 0 
0 0 0.000835697 8.80773e-08 
0 0 0.000129891 0 
0.0928228 0.0654466 0.0531495 0.0715133 
0.104597 0.08044 0.0818819 0.0814978 
0.152017 0.131468 0.1322 0.129147 
0.151879 0.139703 0.141535 0.139119 
0.0175343 0.0359993 0.0394976 0.0354415 
hoe4_rght
0.0909607 0.0718069 0.0728976 0 
0.0490882 0.030023 0.0295086 0.044866 
0 0 0 0 
0 0 0 0 
0.199805 0 0 0 
0.0451879 0.0260741 0.0430069 0.0428648 
0.0872102 0.144614 0.120575 0.145265 
0.104872 0.0873875 0.08947 0.0885729 
hoe4_frnt
0 0 0.0332971 0 
0 0 0 0 
0.0593165 0.0425679 0.0421597 0.0417309 
0 0 0 0 
0 0 0 0 
0.0466612 0.0391255 0.0483708 0.0385957 
0.0801932 0.147811 0.147755 0.148026 
0.0355921 0.0353509 0.034594 0.0352773 
hoe4_left
0.00193775 0.00217588 0.00148945 0.0187474 0.00200487 
0.00233456 0.00106445 0.00198042 0.000397738 0.00300659 
0.0112411 0.00198412 0.00191598 0.00134233 0.00131795 
0.100562 0.0702545 0.0694893 0.0804282 0.0857419 
0.118502 0.0931876 0.0947793 0.0941368 0.100485 
0.155124 0.139267 0.140407 0.137893 0.138776 
0.141643 0.14248 0.142273 0.142216 0.142542 
0.0090659 0.0374591 0.0422498 0.0389543 
hoe5_rght
0.0662933 0.0480614 0.0478195 0.0474441 
0.0543261 0.0199538 0.0206547 0.0125528 
0 0 0.00079349 0.00336996 
0 0 0.00161702 0.00114498 
0 0 0.00189012 0.00129778 
0.0343938 0.0427459 0.0436957 0.0465037 
0.124316 0.14743 0.145873 0.144233 
0.139381 0.0794908 0.0883579 0.0903262 
hoe5_frnt
0 0.000855125 0.000818025 0.00142713 
0 0.00255057 0.00116034 0.00142215 
0.0118959 0.0284981 0.0305076 0.0309082 
0 0.000812632 0 0.000502531 
0.0335579 0.000463331 0 0.000475442 
0.0609373 0.143233 0.0567724 0.126989 
0.0607133 0.149043 0.147116 0.151282 
0.0431676 0.0486133 0.104985 0.121446 
hoe5_left
0.00185822 0.00728301 0.0136792 0.00512195 
0.00258032 0.00615358 0.00983495 0.00472723 
0.00499554 0.00516585 0.0087764 0.00417067 
0.0736197 0.0609328 0.052368 0.0384414 
0.095815 0.0726207 0.0702332 0.10498 
0.157034 0.139503 0.141784 0.139587 
0.117448 0.138594 0.139009 0.137905 
0.0650397 0.0432992 0.0437236 0.042693 
hoe6_rght
0.0796686 0.0980318 0.0720311 0.0827853 
0.0331688 0.0316009 0.0313522 
0 0 0 0 
0 0 0 0 
0 0 0 0 
0.000641624 0.0376437 0.0333861 0.0355872 
0.140665 0.140512 0.13875 0.093808 
0.096602 0.0976279 0.0969232 0.091728 
hoe6_frnt
0 0.0359453 0.036345 0.0544835 
0 0 0 0 
0.0459241 0.0452518 0.0456639 0.0461923 
0 0 0 0 
0 0 0 0 
0.0276276 0.0291139 0.0310623 0.0282895 
0.143403 0.145317 0.145813 0.144007 
0.0310441 0.0296459 0.0308483 0.0295297 
hoe6_left
0 0.0581222 0.0123898 0.0243474 
0 0 0 8.06863e-08 
0.0347006 0.00286941 0.0219314 0 
0.0976793 0.0913143 0.0850641 0.105422 
0.0991274 0.100798 0.100008 0.100772 
0.136034 0.135542 0.135919 0.133612 
0.14087 0.14091 0.140024 0.139906 
0.0376186 0.0322667 0.0366354 0.0378931 
hoe7_rght
0.0909995 0.0668383 0.0671872 0.0682719 0.137844 
0.0464217 0.0417854 0.0404448 0.0416438 
0 0.000516751 0.00340705 0.00062776 
0 0.00102066 0.00318776 0.00112285 
0 0.00088456 0.00329252 0.000980277 
0.0456683 0.0456349 0.0469884 0.0444844 
0.189983 0.145576 0.144634 0.105981 
0.104934 0.0992678 0.100434 0.095913 
hoe7_frnt
0 0.00161335 0.000659848 1.84932e-05 
0 0.00185822 0 0 
0.0597611 0.0414698 0.0430163 0.0420022 
0 0.00109622 0.000766779 0.0014201 
0 0.00166877 0 0 
0.057854 0.0707707 0.0611064 0.0555262 
0.11194 0.148284 0.146572 0.148324 
0.0649638 0.0440368 0.0469775 0.0479801 
hoe7_left
0.0035355 0.00404332 0.00334211 0.248113 
0.00444372 0.00372751 0.00191184 0.00377977 
0.00252464 0.00303091 0.00408629 0.00350496 
0.0923673 0.0676925 0.0790705 0.0677231 
0.12319 0.0866574 0.0878996 0.0994072 
0.161562 0.144542 0.143813 0.145759 
0.158596 0.138231 0.138087 0.141394 
0.0425497 0.0410326 0.0370834 0.0437651 
hoe8_rght
0.0594232 0.0626254 0.059586 0.0601181 0.0599401 
0.0328032 0.0258172 0.0385497 0.0225928 
0 0 0 0 
0 0 0 0 
0 0 0 0 
0.0141944 0.029635 0.0428319 0.043766 
0.114914 0.142642 0.140816 0.0908942 
0.0978285 0.0808814 0.0886854 0.0875734 
hoe8_frnt
0 0 0 0 
0 0 0 0 
0.0374997 0.0376473 0.0379239 0.0267383 
0 0 0 0 
0.000906358 0 0.000545389 0 
0.04242 0.0403496 0.0426156 0.0407451 
0.108389 0.148073 0.14561 0.148179 
0.0364395 0.0382142 0.041571 0.0386763 
hoe8_left
0.000224074 0 0 0.00162365 0.00670508 
0 0.000589117 0.00299671 0.00331024 
0 0.00162824 0.00223934 0.00386271 
0.0614259 0.071379 0.0646186 0.0636047 
0.0953828 0.0971275 0.0864218 0.0953172 
0.129074 0.139889 0.140209 0.144601 
0.10363 0.140499 0.142936 0.144599 
0.0281163 0.0394798 0.0363008 0.0362589 
hoe9_rght
0.0682209 0.0673513 0.0663986 0.0675862 
0.0275608 0.0272427 0.0274041 0.0294532 
0 0 0 0 
0.000170009 0 0 0 
0 0 0 0 
0.0697193 0.0380164 0.0411318 0.0411132 
0.136352 0.118929 0.139676 0.139257 
0.168454 0.10667 0.101926 0.0979525 
hoe9_frnt
0 0 0 0 
0 0.000153319 0.000947923 0 
0.0396308 0.042037 0.0419259 0.0265574 
0 0 0 0 
0 0 0 0.000320419 
0.0518088 0.0508659 0.0483181 0.0498645 
0.0612097 0.147388 0.148654 0.147938 
0.0511239 0.043479 0.0994045 0.0506623 
hoe9_left
0.00212736 0.0208326 0.0110798 0.0141319 
0.00139822 0.0142195 0.00804021 0.00206891 
0.00295012 0.0136938 0.0107803 0.0104969 
0.0774776 0.0718016 0.0669285 0.0694996 
0.099438 0.102095 0.155976 0.0894257 
0.145666 0.127904 0.142839 0.143179 
0.0893937 0.148566 0.137503 0.137646 
0.0137605 0.03194 0.0316656 0.014566 
hok0_rght
0.0693983 0.070721 0.0690434 0.0708105 
0.100819 0.0534901 0.0585408 0.0569785 
0.0521771 0.0523357 0.0589492 0.0580487 
0.0527579 0.0532199 0.0580229 0.0559611 
0.0538708 0.0539577 0.0547001 0.056267 
0.150228 0.0619232 0.0627881 0.08841 
0.237498 0.181961 0.206981 0.179801 
0.154748 0.125004 0.110406 0.109082 
hok0_frnt
0.0725912 0.0737429 0.0770235 0.0920731 0.0774993 
0.120603 0.118472 0.141101 0.112197 0.126656 
0.216662 0.216757 0.216487 0.218348 0.215572 
0.135516 0.0864499 0.122405 0.122964 0.129736 
0.0741297 0.0772304 0.0745292 0.0721164 0.0738611 
0.0731368 0.0721943 0.0744738 0.0716538 0.073401 
0.0734154 0.0745053 0.0743234 0.0730283 0.0738101 
0.0742228 0.077462 0.0724013 0.072056 0.0740968 
hok0_left
0.0607413 0.0604958 0.0641699 0.0636242 0.101818 0.0615535 
0.0562395 0.0603851 0.0631939 0.0621425 0.0639052 0.0614859 
0.0546004 0.0594619 0.059799 0.0575992 0.062752 0.0621888 
0.0698485 0.0628267 0.0715379 0.0793863 0.080586 0.0771006 
0.0900156 0.0954133 0.0937787 0.092476 0.0935267 0.0983511 
0.131128 0.130106 0.128037 0.140141 0.140661 0.13189 
0.20093 0.206279 0.20351 0.204335 0.203708 0.2049 
0.103514 0.117813 0.102697 0.0996486 
hok1_rght
0.0916807 0.0950123 0.0917576 0.0938584 
0.0703883 0.0622549 0.0542016 0.0723133 0.054336 
0.0539853 0.0583518 0.0605991 0.0538335 0.058138 
0.0550029 0.0587476 0.0554365 0.0579019 
0.0532133 0.0587328 0.054303 0.0570876 
0.0809737 0.0882946 0.088605 0.784302 
0.218676 0.196489 0.174858 0.202121 
0.105921 0.117969 0.11774 0.121004 
hok1_frnt
0.07581 0.108859 0.0912593 0.0862715 0.102789 
0.130357 0.131375 0.135675 0.133287 0.12478 
0.216179 0.215257 0.215619 0.216556 0.216459 
0.104433 0.10982 0.102531 0.0929345 0.107232 
0.0712583 0.103391 0.103193 0.0908198 0.0751822 
0.070031 0.0932548 0.0941898 0.0756578 0.0759604 
0.0739888 0.13458 0.123969 0.107089 0.088874 
0.0740388 0.129459 0.099036 0.10846 0.0756416 
hok1_left
0.05254 0.0535378 0.125576 0.0537102 
0.0506637 0.0511963 0.0556081 0.0538023 
0.0483101 0.0469183 0.0558815 0.0484883 
0.0946211 0.102443 0.117081 0.0913558 
0.12092 0.11892 0.1257 0.122295 
0.140439 0.138639 0.142992 0.142336 
0.198136 0.200763 0.199887 0.198245 
0.125302 0.102509 0.107394 0.100737 
hok2_rght
0.00531322 0.0986484 0.0952557 0.0954486 
0.0649037 0.0635617 0.067231 0.0725465 
0.0696632 0.063194 0.0670335 0.0627785 
0.0644986 0.0692677 0.0618063 0.0672058 0.0637863 
0.0642093 0.0703412 0.0632995 0.0692104 0.062615 
0.0844853 0.090575 0.0732178 0.0643418 0.0921065 
0.200523 0.167646 0.210816 0.17888 0.212147 
0.122054 0.129802 0.124509 0.127838 0.126547 
hok2_frnt
0.0737245 0.0731459 0.0831658 0.0751858 
0.12921 0.125476 0.121423 0.124817 
0.216052 0.216235 0.100819 0.217577 
0.10964 0.079809 0.111745 0.124087 
0.0693893 0.0839603 0.0736911 0.0772909 
0.0716948 0.0869702 0.0909554 0.0908272 
0.0736105 0.07459 0.0868196 0.0812007 
0.0720428 0.0878401 0.0908455 0.0771553 
hok2_left
0.0637283 0.0667675 0.0625923 0.0659302 0.0654272 0.0630872 
0.0622422 0.0638337 0.0668634 0.0627365 0.0632039 
0.0628118 0.0592658 0.0642646 0.0656945 0.063677 
0.0594191 0.0454723 0.0449491 0.0647154 0.0550667 
0.122819 0.125189 0.129428 0.12145 
0.136519 0.178504 0.14386 0.109886 
0.211888 0.206589 0.210143 0.209201 
0.121016 0.129395 0.119402 0.113729 
hok3_rght
0.237608 0.096408 0.09696 0.0943627 0.0926673 
0.0892924 0.0736113 0.0570388 0.0577901 0.072397 
0.0580515 0.0656504 0.0643085 0.0610105 
0.0737759 0.0649113 0.064788 0.0607298 
0.0867689 0.0637982 0.0624622 0.0597909 
0.162259 0.0818384 0.0693564 0.0880057 
0.209703 0.192458 0.177685 0.209505 
0.131819 0.131735 0.127569 0.128381 
hok3_frnt
0.0763772 0.0733968 0.0797414 0.0819448 
0.124969 0.122396 0.121537 0.12393 
0.216536 0.218166 0.215913 0.193059 
0.0887701 0.115299 0.108389 0.0877491 
0.0786726 0.0726442 0.0820762 0.0827547 
0.0825882 0.0764187 0.0809427 0.0879547 
0.0759099 0.0734859 0.0714212 0.0732779 
0.101584 0.0712132 0.0885027 0.0979383 
hok3_left
0.0682972 0.066431 0.0679778 0.0684285 0.0663151 0.0667319 
0.0671569 0.0685025 0.0673854 0.0675779 0.0670162 0.0671757 
0.0666939 0.0684688 0.0669889 0.066483 0.0661525 0.0622887 
0.0370347 0.058119 0.0377162 0.0689156 0.0520369 0.032037 
0.130659 0.125308 0.123694 0.12166 0.128744 0.127593 
0.13353 0.141534 0.144612 0.137758 0.131823 
0.211353 0.212271 0.213161 0.212717 0.210401 
0.10993 0.112691 0.113785 0.108273 
hok4_rght
0.0988203 0.0937853 0.101697 0.0948576 0.098845 
0.0736898 0.0714789 0.0690194 0.0683073 0.0857872 
0.0741193 0.0721386 0.0779305 0.082001 0.076717 
0.0802232 0.0731469 0.0720296 0.0787402 0.0838365 
0.0816121 0.0693074 0.0682267 0.0755591 0.0824736 
0.0806422 0.0682638 0.106535 0.101507 0.101971 
0.223772 0.170851 0.224436 0.224554 0.180612 
0.159478 0.176493 0.181969 0.161821 0.142056 
hok4_frnt
0.0849147 0.0715118 0.0744559 0.071494 0.111008 
0.177944 0.132351 0.118664 0.123674 0.125597 
0.2164 0.215263 0.216326 0.215717 0.215749 
0.116692 0.111016 0.112699 0.111547 0.123348 
0.0798474 0.0762249 0.0784491 0.0722984 0.0713091 
0.0717391 0.0708032 0.0860606 0.0757853 0.0773868 
0.0722125 0.0776878 0.0772031 0.0746309 0.0735577 
0.073476 0.0737991 0.0734759 0.0807584 0.0747143 
hok4_left
0 0 0.0844105 0.0851918 0.0794311 0.0812558 0.0843151 
0 0 0.0837107 0.0819529 0.0854074 0.0887969 0.0792509 
0 0.085882 0.0818772 0.0848591 0.0831788 0.0807739 
0 0.0693261 0.0755047 0.0875449 0.0896714 0.0813018 
0 0.135126 0.132871 0.136444 0.128435 
0 0.161363 0.166365 0.164149 0.204966 
0 0.22194 0.222236 0.230674 0.222345 
0 0.125554 0.123018 0.133416 0.121079 
hok5_rght
0 0.0729544 0.0521761 0.0769452 0.0841059 0.0754879 
0 0.0338515 0.0394093 0.0486391 0.0387047 0.0445215 
0 0.0289099 0.0429472 0.030702 0.0372029 0.0589913 
0.0498379 0.00272955 0.0465386 0.0309107 0.0362153 
0.0532415 0 0.030835 0.0437997 0.0372954 
0.0497525 0.0344798 0.0411705 0.0472384 
0.167985 0.167558 0.152078 0.162437 
0.101291 0.0896352 0.093936 0.0969492 
hok5_frnt
0.0677045 0.0397604 0.143123 0.0385659 0.0375485 
0.020881 0.00922611 0.0404623 0.0217225 0.0188082 
0.142353 0.0231763 0.0631369 0.00395766 0.0573142 
0.0586603 0.00818815 0.0451822 0.0326486 0.0509407 
0.0336464 0.051741 0.0156473 0.0284106 0.0529191 
0.0775959 0.0313495 0.0511455 0.153246 0.119439 
0.220339 0.169196 0.167686 0.172101 0.170394 
0.0455687 0.0514576 0.0553289 0.046959 
hok5_left
0.0485349 0.0331752 0.0538047 0.0346977 
0.0420784 0.0507136 0.0408037 0.0403722 
0.0481057 0.0510813 0.0558852 0.0578887 
0.0715848 0.0786979 0.0771545 0.0859818 
0.100486 0.101387 0.0905928 0.0942796 
0.133654 0.164587 0.131409 0.121511 
0.170132 0.169392 0.171634 0.170102 
0.0576037 0.0617689 0.0428376 0.0606922 
hok6_rght
0.099438 0.0974541 0.0996521 0.100831 
0.0696879 0.0597837 0.0647043 0.0717043 
0.0665638 0.0590048 0.0604154 0.0568238 
0.0612275 0.0672284 0.0679647 0.0669139 
0.0661474 0.0489776 0.0671495 0.0560235 
0.0560573 0.0550127 0.0565744 0.0590454 
0.136542 0.167845 0.150718 0.106153 
0.141137 0.168991 0.138509 0.179266 
hok6_frnt
0.181604 0.166656 0.200235 0.204914 
0.193799 0.149584 0.192346 0.188364 
0.217164 0.220358 0.0823635 0.22021 
0.0545545 0.0379878 0.0826522 0.189554 
0.137242 0.0118579 0.00830678 0.138999 
0.0345811 0.0269807 0.0241274 0.050206 
0.0390384 0.0253665 0.0250447 0.0508912 
0.0955727 0.155391 0.0949961 0.154654
hok6_left
0.0694292 0.0709808 0.0740106 
0.0672497 0.0731506 0.0703595 
0.0704548 0.0713528 0.0690828 
0.0385676 0.0517718 0.0490084 
0.124986 0.130416 0.132017 
0.15498 0.137051 0.123001 
0.21667 0.219722 0.217747 
0.114033 0.119359 0.11224 
hok7_rght
0.0806606 0.0819013 0.18656 
0.0358895 0.0405761 0.0340481 0.032059 
0.0402309 0.0354809 0.0401661 0.03345 
0.0360004 0.0378283 0.0344791 
0.0402196 0.037539 0.037289 
0.0396472 0.0659063 0.0566609 
0.127925 0.154461 0.095413 
0.153651 0.145321 0.168727 
hok7_frnt
0.164535 0.168781 0.113484 
0.150705 0.152682 0.152573 
0.148318 0.0823709 0.153628 
0.102848 0.145205 0.0242059 
0.009078 0.0109037 0.0062255 
0.0492422 0.0860236 0.0371929 
0.0382433 0.141688 0.0389534 
0.0815288 0.10577 0.099847 
hok7_left
0.0531571 0.060743 0.0455453 0.0525423 
0.0523648 0.0562705 0.0517082 0.048526 0.0554748 
0.0419215 0.0493601 0.0496879 0.047423 0.0526662 
0.0884556 0.064227 0.0637872 0.0814768 0.0921452 
0.107006 0.108994 0.110715 0.112866 
0.132913 0.121248 0.13174 0.115267 0.127014 
0.196954 0.195617 0.197288 0.195536 0.194035 
0.0757371 0.0730364 0.0807569 0.0780992 0.077714 
hok8_rght
0.12224 0.106434 0.183155 0.126245 0.184749 
0.0719309 0.068234 0.0621732 0.0897636 0.0728318 
0.0686666 0.065404 0.0694948 0.0831273 0.0712514 
0.0709315 0.0723077 0.0648388 0.0687137 0.068951 
0.0777767 0.0663042 0.0805474 0.0873799 0.0763615 
0.0848 0.0835945 0.0843496 0.125796 0.105506 
0.154969 0.145901 0.105053 0.185196 
0.203934 0.151812 0.167553 0.201119 0.201291 
hok8_frnt
0.0902337 0.0768298 0.105911 
0.118961 0.119747 0.130708 
0.215001 0.2137 0.215684 
0.104172 0.095851 0.0969929 
0.0795783 0.0766508 0.0836682 
0.0730096 0.0820107 0.0745623 
0.0875664 0.0941942 0.0796999 
0.0821894 0.0954306 0.078504 
hok8_left
0.100318 0.0976535 0.184148 0.244707 
0.0510329 0.0413772 0.0409955 0.0457754 
0.0387815 0.0700844 0.0162521 0.0315326 
0.102944 0.0780984 0.0563798 0.0933491 
0.131798 0.124515 0.133794 0.130148 
0.155462 0.129364 0.137323 0.172283 
0.243271 0.242052 0.245833 0.244175 
0.142243 0.211295 0.17451 0.214374 0.13848 
hok9_rght
0.17076 0.17075 0.16454 0.200997 0.229969 
0.0545874 0.0500675 0.0733726 0.071645 0.0610275 
0.0319584 0.0558977 0.0633781 0.0738978 0.0770364 
0.0602628 0.0234052 0.0736223 0.0505038 0.0492201 
0.043532 0.0809547 0.0614567 0.0769652 0.0940141 
0.0632641 0.0465532 0.0475356 0.0644566 0.0716556 
0.118409 0.0542153 0.0837276 0.241481 
0.198649 0.182206 0.190174 0.166085 
hok9_frnt
0.0588354 0.060223 0.0829899 0.0142717 0.106999 
0.108851 0.108819 0.120522 0.100006 
0.191435 0.190213 0.191246 0.186895 
0.0811522 0.0789925 0.073628 0.0821432 
0.0493837 0.0484398 0.0472925 0.0506373 
0.0758946 0.0486445 0.0473323 0.0473248 
0.0460624 0.0491767 0.0482284 0.0493091 
0.0488327 0.0471628 0.0472284 0.0395589 
hok9_left
0.116282 0.091857 0.0741914 0.0874755 
0.0870152 0.0935725 0.0953069 0.0848038 
0.0881034 0.0931198 0.0683408 0.0893404 
0.075086 0.140953 0.0808369 0.0719481 
0.122813 0.165491 0.136588 0.123927 
0.162991 0.135517 0.150649 0.132547 
0.104194 0.243192 0.238781 
0.123721 0.0657271 0.131206 0.121965 
rak0_rght
0.114368 0.114599 0.0655122 0.115663 
0.00188953 0.00574356 0.00145428 0.000591634 
0.00147471 0.000581956 0.0040366 0.00150876 
0.000978305 0.00238084 0 0.0016169 
0.00233204 0.00361334 0.00175273 0.000925337 
0.0326276 0.0163974 0.0279116 0.0307771 
0.132563 0.115384 0.130273 0.123528 
0.122916 0.121192 0.11971 
rak0_frnt
0 0 0 0.135117 
0 0 0 0 
0.0132156 0.0200877 0.0209894 
0 0 0 
0.00685728 0.00258608 0 
0.106282 0.111326 0.10946 
0.139997 0.140342 0.139945 
0.0959833 0.0945869 0.0924205 
rak0_left
0.00215358 0.000545677 0.00264082 0.0555957 
0 0.00150072 0.00137944 0.00180744 
0 0.0031834 0 0.00296329 
0.0350314 0.0372231 0.0372906 0.0500031 
0.140372 0.143657 0.141741 0.139318 
0.136872 0.136592 0.134785 0.133906 
0.14859 0.13164 0.13344 0.13303 
0 0.0150697 0.014825 0.0183294 
rak1_rght
0.00739252 0.00696332 0.00507292 
0.0358036 0.0307791 0.0383824 
0.00239226 0.00672924 0.00255148 
0.00256015 0.00620093 0.00390042 
0.00412757 0.00428928 0.00334585 
0.0374236 0.0431617 0.0342408 
0.139731 0.163927 0.120901 
0.135009 0.181842 0.155856 
rak1_frnt
0 0 0 
0 0 0.000228111 
0.0526904 0.0513905 0.0506076 
0 0 0 
0 0.00335973 0.000413912 
0.118106 0.126811 0.12582 
0.14676 0.143527 0.144314 
0.061512 0.06238 
rak1_left
0.00474961 0.00673332 0.0429515 
0.00660354 0.00484605 0.0102486 
0.045169 0.0177832 0.0106035 
0.00406951 0.00340324 0.0176888 
0.0506888 0.01272 0.0164648 
0.15496 0.145618 0.146023 
0.137725 0.141016 0.138345 
0.0266388 0.0236251 0.026055 
rak2_rght
0.00112945 0.00585059 0.0814403 
0.021517 0.00189731 0.007409 
0.0242433 0.00161326 0.00176305 
0.00181542 0.00908327 0.00950347 
0.00209652 0.00496134 0.00473525 
0.120026 0.0299793 0.0303428 
0.134456 0.133718 0.134594 
0.05368 0.0555117 0.0670184 
rak2_frnt
0 0 0 0.0969096 
0 0 0 0 
0.0511935 0.0562462 0.0511921 0.0614269 
0 0 0 0 
0.0103427 0.0011455 0.00280699 0.0031848 
0.134795 0.136163 0.135365 0.136599 
0.144795 0.142887 0.143521 0.142519 
0.0969165 0.0994768 0.101735 0.0959369 
rak2_left
0.00546863 0.00616078 0.0552976 0.0179945 
0.00749789 0.000342787 0.00519488 0.0147638 
0.00311359 0.00329742 0.00340827 0.0173293 
0.00414828 0.00479877 0.00627278 0.00334131 
0.0045236 0.00559872 0.0133791 0.0127675 
0.136298 0.128472 0.120564 0.143911 
0.140499 0.137714 0.142341 0.13798 
0.0133636 0.0250317 0.00660366 0.142865 
rak3_rght
0.0106911 0.00990219 0.123549 
0.0165121 0.0035005 0.00875142 
0.00458915 0.00411505 0.00474664 
0.0118118 0.00865212 0.00793121 
0.0109841 0.0139585 0.0126367 
0.0143106 0.0162015 0.0145439 
0.134849 0.13435 0.138711 
0.100787 0.0982426 0.100552 
rak3_frnt
0 0 0.116548 
0 0 0 
0.0488897 0.0494609 0.0501337 
0 0 0 
0.00917079 0.0522567 0.0486175 
0.137904 0.119236 0.115861 
0.144041 0.148236 0.145845 
0.0979601 0.100592 0.100664 
rak3_left
0.00526587 0.00563334 0.0498526 
0.00724924 0.00447979 0.00560502 
0.0073824 0.00763482 0.00508364 
0.00822546 0.00553493 0.0119065 
0.0119147 0.0147061 0.011486 
0.140699 0.128792 0.138752 
0.137624 0.136763 0.138085 
0.0112597 0.0209456 0.0145364 
rak4_rght
0.00724922 0.00652916 0.0421702 0.0460662 
0.000954482 0.0111622 0.0136969 0.0098924 
0.00329991 0.00403591 0.0160047 0.0067271 
0.00511944 0.00369898 0.0113968 0.00825046 
0.00497844 0.00295312 0.00599254 0.00352218 
0.0211614 0.0219491 0.0203665 0.0172171 
0.136342 0.134626 0.135455 0.134101 
0.0500511 0.0449136 0.0505797 
rak4_frnt
0 0 0 0.118648 
0 0 0 0 
0.0493848 0.0499102 0.0507718 
0 0 0 
0.032686 0.0204059 0.0733908 
0.125613 0.1225 0.12539 
0.138785 0.138499 0.139237 
0.0967317 0.0891258 0.100044 
rak4_left
0.00787136 0.00536298 0.0714792 
0.00279166 0.00399625 0.00514652 
0.00410313 0.0110282 0.00935505 
0.00423383 0.00947641 0.00353006 
0.00565076 0.00560925 0.0057834 
0.141603 0.134293 0.138499 
0.138321 0.138634 0.136993 
0.0182517 0.0151775 0.0182417 
rak5_rght
0.117514 0.118643 0.20028 0.119304 0.0606408 
0.0302403 0.064063 0.00410465 0.0082702 0.0172944 
0.00277441 0.00555039 0.00603853 0.00245735 0.00368406 
0.00240433 0.00154609 0.00221519 0.00229934 0.00277462 
0.00251003 0.00255446 0.00198299 0.00408305 0.00900905 
0.0381391 0.0365873 0.0390516 0.031395 0.0378516 
0.139348 0.14208 0.140209 0.14085 0.13944 
0.125522 0.123564 0.126953 0.130604 0.128345 
rak5_frnt
0 0 0.144122 0 0.170809 
0 0 0 0 0 
0.0500711 0.0514295 0.049787 0.0504427 0.0512818 
0 0 0 0 0 
0 0 0 0.00138198 0.00155159 
0.109706 0.110295 0.108428 0.107393 0.111529 
0.141871 0.145166 0.143896 0.142644 0.142401 
0.102417 0.0983872 0.0946485 0.0983021 
rak5_left
0.0192344 0.0111165 0.0311247 
0.0103899 0.0151204 0.00969326 
0.01145 0.0423241 0.0604913 
0.0399985 0.0414084 0.0178532 
0.149247 0.148154 0.148226 
0.143744 0.143487 0.140777 
0.140474 0.142317 0.139188 
0.0355434 0.0276501 0.0332862 
rak6_rght
0.00640471 0.00742504 0.124509 
0.00729504 0.0147013 0.0015729 
0.0210472 0.00366707 0.0100651 
0.0101289 0.00377341 0.0063513 
0.00662025 0.00377719 0.00680926 
0.0254707 0.0191962 0.0232477 
0.13413 0.134573 0.136259 
0.0467094 0.0689446 0.0409316 
rak6_frnt
0 0 0.169809 
0 0 0 
0.0508617 0.0519313 0.0504781 
0 0 0 
0.00825512 0.00775429 0.023599 
0.112978 0.113374 0.109731 
0.145053 0.143735 0.143323 
0.0954939 0.0919447 0.0929751 
rak6_left
0.0181949 0.0134628 0.0321713 
0.00402222 0.00431871 0.033979 
0.00386433 0.00446557 0.00530674 
0.00783827 0.00407057 0.00322585 
0.0309415 0.00353023 0.00453345 
0.138582 0.116037 0.140222 
0.139903 0.136391 0.136542 
0.0189542 0.0153799 0.0145193 
rak7_rght
0.00616015 0.0068593 0.072768 
0.00254998 0.00326221 0.00189937 
0.00302668 0.00871587 0.00547744 
0.00632929 0.00655206 0.0044429 
0.00468731 0.00435341 0.00764562 
0.0252138 0.0308376 0.0180074 
0.136529 0.138898 0.12396 
0.0601903 0.0597268 0.0602177 
rak7_frnt
0 0 0.124962 
0 0 0 
0.0503841 0.0505958 0.0499497 
0 0 0 
0.00511165 0.00211834 0.000774338 
0.110569 0.115369 0.108612 
0.143033 0.148691 0.144761 
0.0993784 0.097254 0.101731 
rak7_left
0.0115442 0 0.00275623 0.0350529 
0.00649365 0 0.00473248 0.00331933 
0.00490016 0.00379598 0.00462196 
0.00558044 0.0113063 0.00257424 
0.00808733 0.0119194 0.00305428 
0.138148 0.136283 0.134542 
0.136661 0.135916 0.138365 
0.019236 0.0181454 0.018834 
rak8_rght
0.127733 0.12759 0.174531 
0.0171402 0.223772 0.0379138 
0.000253606 0.00161425 0.000301028 
0.00254332 0.00375236 0.00339658 
0.0223574 0.0203388 0 
0.00385126 0.0160539 0.015028 
0.128654 0.11472 0.125234 
0.13999 0.150287 0.135194 
rak8_frnt
0.0047693 0.00108253 0.0622619 
0 0.00309919 0.000233503 
0.00304349 0.00106545 0.000861837 
0 0.000567736 0.00226348 
0.00515239 0.0513217 0.05168 
0.116426 0.12066 0.118938 
0.1558 0.153797 0.152657 
0.000669457 0.109171 0.107348 
rak8_left
0.0557069 0.0899521 0.038604 0.0435011 
0.00861996 0.011929 0.0117376 0.00839282 
0.00852086 0.0379403 0.0113396 0.0110981 
0.104304 0.120296 0.114242 0.105613 
0.153529 0.157456 0.152311 0.153628 
0.151504 0.150863 0.152186 
0.14007 0.138436 0.123449 
0.0102576 0.0120621 0.0135741 
rak9_rght
0.128308 0.128732 0.101378 
0.0179053 0.018766 0.0196106 
0 0 0 
0 0 0 
0 0 0 
0.0392939 0.039636 0.0410485 
0.150172 0.117887 0.0884698 
0.130154 0.127178 0.12606 
rak9_frnt
0 0 0.097124 
0 0 0 
0 0.0202092 0.0217585 
0 0 0 
0 0 0 
0.112126 0.106641 0.139098 
0.137615 0.137374 0.136928 
0.0941864 0.0934596 0.090869 
rak9_left
0.00218796 0.0699223 0.00116996 0.0474287 
0.00285452 0.00629183 0.00284738 0.00173703 
0.016018 0.0160279 0.0142461 0.0144 
0.0663079 0.126736 0.073281 0.0695791 
0.0727626 0.148831 0.14733 
0.138449 0.146432 0.138142 
0.135104 0.134076 0.135078 
0.0239019 0.0198289 0.0236147 
sti0_rght
0.161837 0.138792 0.153375 
0.0971022 0.0985472 0.0976746 
0.0143205 0.0128307 0.027307 
0.015774 0.012772 0.0242932 
0.0194955 0.0231164 0.049493 
0.0110135 0.0113482 0.0271055 
0.0299622 0.0409784 0.0359549 
0.13707 0.188669 0.168463 
sti0_frnt
0.150174 0.147908 0.166809 
0.129554 0.12875 0.104443 
0.147906 0.138993 0.127917 
0.147422 0.0680309 0.0311394 
0.0224407 0.0017342 0.0197782 
0.0158017 0.0276908 0.0173287 
0.102619 0.191475 0.112436 
0.124251 0.15578 0.165698 
sti0_left
0.13098 0.0624499 0.167065 
0.0241405 0.104232 0.123159 
0.0453698 0.0466362 0.0521249 
0.0224628 0.031338 0.0240257 
0.0974431 0.0197351 0.0569001 
0.0418145 0.0401142 0.0384645 
0.225995 0.199256 0.21643 
0.0594707 0.0590343 0.056355 
sti1_rght
0.164846 0.113888 0.160738 0.16606 0.222199 0.167602 
0.123885 0.0857521 0.0941604 0.0951926 0.121872 0.0948597 
0.0502387 0.0498579 0.0501803 0.024819 0.0490126 0.0602466 
0.0772372 0.0729399 0.0698917 0.0722786 0.0715558 0.0744618 
0.0764559 0.192057 0.0550859 0.103755 0.0702343 0.061199 
0.0706908 0.12668 0.0677377 0.0938056 0.0812869 0.0787003 
0.0947812 0.175577 0.150843 0.169769 0.153659 0.157551 
0.179796 0.190541 0.16291 0.204283 0.195391 0.163618 
sti1_frnt
0.153918 0.0661205 0.0752334 0.171778 
0.0297083 0.0906323 0.0882131 0.0546898 
0.0833628 0.0726955 0.0655245 0.0840379 
0.0396011 0.0271746 0.0659982 0.0457168 
0.0592603 0.0481846 0.0432368 0.0509669 
0.0804429 0.075091 0.0775419 
0.198033 0.192776 0.175724 
0.131457 0.119369 0.196984 
sti1_left
0.156986 0.181149 0.156991 0.0841478 
0.114828 0.10536 0.117605 0.0929966 
0.0449523 0.069663 0.0648143 0.0678445 
0.0510544 0.0523569 0.0707304 0.053316 
0.10594 0.109831 0.117833 0.0730884 
0.107197 0.0975781 0.136205 0.10442 
0.118411 0.206934 0.178795 0.201875 
0.196149 0.197979 0.141031 0.194233 
sti2_rght
0.165155 0.171028 0.213989 0.214478 
0.0910342 0.095745 0.102962 0.10149 
0.0498095 0.0500272 0.0509626 0.050384 
0.0510621 0.0733149 0.0779385 0.0637494 
0.0596043 0.109718 0.0576982 0.0763627 
0.0867565 0.0637989 0.0990796 0.0794313 
0.0959318 0.112736 0.118059 0.123085 
0.179594 0.178233 0.223426 0.089161 
sti2_frnt
0.0675068 0.0630794 0.173352 0.146921 
0.0379285 0.0408027 0.0760931 0.047691 
0.0497676 0.0496228 0.0502731 0.049672 
0.0662832 0.0566662 0.0631966 0.0526443 
0.0917145 0.0766568 0.0942494 0.0991109 
0.0757827 0.0755408 0.0770038 0.0757545 
0.221649 0.204256 0.229734 0.23037 
0.105906 0.162704 0.13276 0.12014 
sti2_left
0.18113 0.0988638 0.18636 0.163492 
0.0275968 0.022624 0.0223849 0.107961 
0.0619039 0.0591407 0.0560224 0.0547431 
0.0758818 0.0781786 0.0761324 0.0794554 
0.111466 0.102739 0.0995545 0.0884453 
0.115162 0.124706 0.120647 0.119729 
0.1974 0.206141 0.202016 0.191058 
0.167497 0.182441 0.151 0.162239 
sti3_rght
0.166157 0.16664 0.187983 0.206244 
0.10712 0.0941567 0.0920227 0.0912004 
0.0568026 0.0209823 0.0477826 0.0520182 
0.0641001 0.0689477 0.0605234 0.0805014 
0.0700435 0.121765 0.0818144 0.0709481 
0.0673527 0.144616 0.063409 0.0736543 
0.124029 0.157171 0.174795 0.146783 
0.197106 0.18406 0.183785 0.18924 
sti3_frnt
0.180213 0.0470978 0.100385 0.166127 
0.0222615 0.091486 0.0318499 0.031317 
0.0810385 0.0792558 0.0556775 0.055726 
0.0162395 0.0432572 0.0227082 0.0195869 
0.0552559 0.0550598 0.0503185 0.047948 
0.066313 0.0682164 0.0687817 0.0666993 
0.19112 0.200359 0.174061 0.171861 
0.117579 0.108641 0.137703 0.189812 
sti3_left
0.262345 0.227236 0.221361 
0.125944 0.103497 0.0922232 
0.0724078 0.0430263 0.0676426 
0.050854 0.0675247 0.0720988 
0.076471 0.0850733 0.116024 
0.139933 0.0982424 0.0936421 
0.158619 0.158921 0.16273 
0.206582 0.194846 0.197165 
sti4_rght
0.16917 0.164981 0.217692 
0.090067 0.118845 0.0884103 
0.0503245 0.0532658 0.0492526 
0.0528863 0.0703095 0.0604693 
0.0779041 0.115741 0.069203 
0.0625024 0.0631209 0.073571 
0.0826912 0.152711 0.167393 
0.205916 0.209799 0.204059 
sti4_frnt
0.137989 0.0835007 0.133343 
0.0294671 0.0454222 0.0771268 
0.0519997 0.055083 0.0488457 
0.0545698 0.0597902 0.0518622 
0.0459363 0.0652361 0.061759 
0.0736141 0.0669627 0.0629196 
0.186392 0.180841 0.181695 
0.201258 0.103538 0.19607 
sti4_left
0.168696 0.164241 0.0784225 
0.0873109 0.0367743 0.101949 
0.0543603 0.05386 0.0525557 
0.0709282 0.0699115 0.0638685 
0.106473 0.117206 0.119584 
0.100239 0.100681 0.135941 
0.149823 0.217995 0.192768 
0.196547 0.145558 0.143321 
sti5_rght
0.160156 0.160626 0.176104 
0.10134 0.091498 0.0922776 
0.0425603 0.0516269 0.0205111 
0.0452249 0.0535339 0.0453094 
0.0542456 0.0512268 0.0466137 
0.0506581 0.0488874 0.049847 
0.0801326 0.0922533 0.155987 
0.159755 0.161745 0.190871 
sti5_frnt
0.140967 0.129627 0.0584648 
0.0974632 0.088419 0.0998139 
0.0964237 0.1444 0.145239 
0.0561098 0.0654482 0.0389401 
0.0495448 0.0568844 0.0935307 
0.0499011 0.0452587 0.0412714 
0.199692 0.132049 0.27389 0.208451 
0.0719466 0.0726107 0.0724898 
sti5_left
0.168762 0.167786 0.254349 
0.0731252 0.0341798 0.107924 
0.050673 0.0527178 0.0490928 
0.0592904 0.0708169 0.0401343 
0.120011 0.0813548 0.0819953 
0.109911 0.0971138 0.100304 
0.207149 0.215923 0.187372 
0.139638 0.218098 0.217104 
sti6_rght
0.153252 0.153971 0.148945 
0.0953202 0.119615 0.089441 
0.0188318 0.107022 0.0175874 
0.0330957 0.00173583 0.00138959 
0.0334919 0.0398897 0.116774 
0.0429071 0.0309615 0.0314193 
0.114518 0.129304 0.0825612 
0.1622 0.152107 0.151744 0.170313 
sti6_frnt
0.0926251 0.0897983 0.0587423 0.0116792 
0.108017 0.105162 0.049858 0.0989919 
0.115019 0.053979 0.0544658 
0.0437969 0.0127675 0.00680147 
0.113135 0.0582178 0.0542014 
0.0844346 0.057149 0.0802144 
0.20178 0.205472 0.208415 
0.0782506 0.0324608 0.02694 
sti6_left
0.0971037 0.105714 0.177191 
0.0451257 0.100349 0.10003 
0.0558826 0.0557745 0.0579187 
0.0635807 0.0506213 0.0679468 
0.0947625 0.0814438 0.121029 
0.121108 0.119567 0.1194 
0.199351 0.190116 0.23919 
0.113534 0.22038 0.135867 0.120977 
sti7_rght
0 0.148899 0.155554 0.159601 
0.0917226 0.136525 0.154086 
0.0358803 0.0322458 0.00803348 
0.054349 0.0631884 0.0478877 
0.0563228 0.0656487 0.0584273 
0.0561139 0.038775 0.0588585 
0.20967 0.134693 0.0881148 
0.157338 0.164399 0.167059 
sti7_frnt
0.0553504 0.100324 0.0505145 
0.058806 0.0752133 0.0484151 
0.0441251 0.0470944 0.0488725 
0.00972538 0.0150992 0.0356502 
0.120288 0.0460641 0.0503485 
0.044903 0.0240957 0.0491642 
0.211117 0.218624 0.22 
0.0557785 0.0601708 0.0733983 
sti7_left
0.157759 0.113377 0.0521525 
0.0645209 0.0554667 0.0543717 
0.0411185 0.0301038 0.0388823 
0.0230097 0.0668916 0.0511636 
0.13731 0.136863 0.11204 
0.142849 0.105528 0.137803 
0.22 0.20758 0.22 
0.120105 0.114596 0.171563 
sti8_rght
0.15633 0.170162 0.20065 
0.0749315 0.122341 0.132469 
0.0338642 0.139875 0.142399 
0.0432759 0.0409513 0.116437 
0.0670741 0.0575107 0.0284781 
0.0393336 0.0590547 0.0246234 
0.108019 0.11586 0.164602 
0.141415 0.159952 0.142287 
sti8_frnt
0.149596 0.149967 0.147516 0.179362 0.13219 0.105607 
0.140408 0.144309 0.141022 0.144087 0.14163 0.142007 
0.140657 0.138074 0.136822 0.138733 0.141182 
0.10795 0.0947151 0.103244 0.122039 0.101516 0.137525 
0.14326 0.145701 0.142866 0.121163 0.141303 0.120735 
0.0374035 0.102749 0.0825015 0.0637729 0.0870507 0.10555 
0.135426 0.13302 0.135304 0.133053 0.128333 0.126787 
0.109576 0.170354 0.115637 0.111052 0.162134 0.0620246 
sti8_left
0.149393 0.0747901 0.0383942 0.033396 
0.0725145 0.15387 0.0300424 0.030412 
0.15281 0.154126 0.150893 0.155633 
0.0908693 0.0288509 0.0274491 0.154684 
0.150542 0.153595 0.196342 0.154436 
0.0912734 0.192444 0.155837 0.133161 
0.0838071 0.111529 0.0875859 0.0984954 
0.0148246 0.017221 0.0208491 0.042445 
sti9_rght
0.161896 0.161415 0.207525 0.196054 
0.0859632 0.086882 0.0419307 0.0301898 
0.0232192 0.0529848 0.0507422 0.022146 
0.0744591 0.0597953 0.0760492 0.0778636 
0.0509739 0.0806604 0.0770436 0.0836126 
0.0576189 0.0536603 0.0564413 0.0675227 
0.0922075 0.0858491 0.153908 0.0971447 
0.162033 0.177467 0.1568 0.176713 
sti9_frnt
0.0358669 0.0750944 0.0705204 0.119631 
0.0281237 0.0269877 0.0327689 0.0665824 
0.067546 0.0550752 0.0646041 0.0740358 
0.0238992 0.0263599 0.0797267 0.0258201 
0.0858816 0.0874184 0.084136 0.0896746 
0.0539525 0.0775485 0.0839494 0.0764779 
0.189694 0.211239 0.20945 0.208044 
0.117521 0.0992881 0.0917437 0.193419 
sti9_left
0.0887754 0 0.0862704 0.149989 
0.0628668 0 0.0779875 0.0774337 
0.0446621 0.0313455 0.0481772 0.0456457 
0.0467191 0 0.0636532 0.06966 
0.0853531 0 0.0885072 0.0993588 
0.109984 0.114472 0.107466 
0.197098 0.198097 0.207277 
0.143441 0.121078 0.133807 
sho0_rght
0.163147 0.174586 0.16203 0.0382981 0.163564 
0.0653726 0.0914753 0.237274 0.0691881 0.0502939 
0.136748 0.0256673 0.0672748 0.231872 
0.0503083 0.229497 0.182753 0.220749 
0.0508023 0.042911 0.194154 
0.0522338 0.113027 0.17084 
0.0710162 0.0863036 0.10897 
0.154912 0.154672 0.155588 
sho0_frnt
0.145614 0.146337 0.145842 0.138 0.150387 
0.0293879 0.105528 0.12855 0.0652433 
0.120271 0.0095544 0.0103997 0.117877 
0.111288 0.126483 0.0521487 0.123476 
0.137826 0.146473 0.0921857 0.145838 
0.0905869 0.00882142 0.100553 
0.153216 0.168937 0.165849 
0.134671 0.168893 0.167704 
sho0_left
0.170921 0.184442 0.189312 0.191992 0.169873 
0.145371 0.168129 0.145276 0.133291 0.147772 
0.080005 0.0451877 0.175203 0.0477247 
0.171967 0.161769 0.182488 
0.0370516 0.181191 0.191232 
0.154267 0.192912 0.0908565 
0.22 0.224237 0.230063 0.225581 
0.0363502 0.194701 0.173655 
sho1_rght
0.164561 0.161858 0.165847 
0.121231 0.0801665 0.103439 
0.0824112 0.0619089 0.103277 
0.117519 0.064028 0.176798 
0.20206 0.0440231 0.0381381 
0.0524548 0.0614606 0.108443 
0.139265 0.0521313 0.0762751 
0.0730399 0.140912 0.161918 
sho1_frnt
0.150036 0.14709 0.180015 
0.107243 0.122975 0.123069 
0.0383034 0.118644 0.118988 
0.11764 0.10372 0.12109 
0.143018 0.141225 0.13122 
0.198588 0.133296 0.0585008 
0.135028 0.123941 0.148798 
0.165605 0.152399 0.159157 
sho1_left
0.191023 0.152281 0.0355957 
0.150961 0.243237 0.0478171 
0.157008 0.0482757 0.0568367 
0.18727 0.0460869 0.171549 
0.192173 0.189888 0.172222 
0.177605 0.189699 0.177837 
0.0420346 0.0524652 0.032814 
0.0461847 0.0595664 0.194842 
sho2_rght
0.176046 0.1731 0.0867176 
0.106885 0.120077 0.107401 
0.0552901 0.0455322 0.0389603 
0.0417416 0.0533325 0.0288631 
0.0505865 0.0367141 0.122205 
0.0826527 0.0318087 0.147055 
0.053063 0.138265 0.058129 
0.0587985 0.0693119 0.0700365 
sho2_frnt
0.156506 0.157368 0.15085 
0.128055 0.188455 0.139706 
0.132449 0.132939 0.168382 
0.136305 0.143156 0.141562 
0.145203 0.159551 0.139474 
0.0413294 0.0397648 0.0471223 
0.0153474 0.0582473 0.0168273 
0.133338 0.126684 0.110041 
sho2_left
0.193473 0.156894 0.184604 
0.0559382 0.0499439 0.0737409 
0.065505 0.0465269 0.0394732 
0.195139 0.168648 0.158772 
0.083579 0.120264 0.182747 
0.195158 0.140592 0.085104 
0.0423102 0.0417319 0.0445202 
0.13245 0.0402929 0.0312278 
sho3_rght
0.159092 0.155958 0.1586 
0.0294278 0.0492549 0.0793287 
0.0515557 0.0318004 0.0560615 
0.0412794 0.0253844 0.0405338 
0.0544593 0.0114744 0.00963017 
0.0376158 0.117471 0.0531508 
0.0385295 0.0375617 0.0886355 
0.144853 0.13891 0.0823787 
sho3_frnt
0.111683 0.147233 0.124076 
0.129281 0.116616 0.128348 
0.13332 0.143293 0.133131 
0.10534 0.101817 0.10269 
0.148831 0.132277 0.143161 
0.154857 0.129561 0.143664 
0.184667 0.0707542 0.148925 
0.136481 0.137092 0.142224 
sho3_left
0.0916437 0.0838246 0.0844661 
0.0753653 0.0630666 0.0820423 
0.0398278 0.00248647 0.0599428 
0.0939705 0.0662861 0.0792985 
0.0797025 0.0898081 0.0709307 
0.100406 0.122604 0.107653 
0.252762 0.274033 0.207783 
0.0656966 0.104195 0.103392 
sho4_rght
0.159786 0.159263 0.128411 
0.0961461 0.0941525 0.0918607 
0.0322545 0.0424705 0.0405009 
0.0353529 0.0368723 0.0319417 
0.0702922 0.0513871 0.0535675 
0.0512064 0.0442201 0.0808981 
0.0698412 0.0344348 0.0329932 
0.167948 0.140018 0.123161 
sho4_frnt
0.16924 0.0937531 0.205123 
0.0263337 0.0472112 0.0247907 
0.0311225 0.157229 0.0311655 
0.0633133 0.0706236 0.0629451 
0.0663962 0.117364 0.0655061 
0.108612 0.0986131 0.167643 
0.22 0.227279 0.22 
0.190962 0.208301 0.238302 
sho4_left
0.0941999 0.113143 0.0934395 
0.0829147 0.0984809 0.0639383 
0.0253491 0.0256726 0.031215 
0.0619992 0.0797735 0.0781906 
0.178436 0.0935701 0.0974916 
0.135692 0.122791 0.118322 
0.216961 0.233635 0.210696 
0.0777501 0.138215 0.170944 
sho5_rght
0.0913398 0.102232 0.108902 
0.169436 0.0380461 0.0551472 
0.119719 0.0439335 0.0904907 
0.1082 0.0938723 0.127532 
0.104691 0.137593 0.08497 
0.0801122 0.104296 0.168776 
0.181562 0.207402 0.147155 
0.114963 0.112722 0.212407 
sho5_frnt
0.115965 0.115617 0.182887 
0.109804 0.113521 0.113767 
0.0955948 0.0917386 0.084942 
0.0655201 0.14068 0.139144 
0.160339 0.162303 0.167756 
0.181625 0.172929 0.239984 
0.171681 0.184892 0.167928 
0.148752 0.128378 0.134071 
sho5_left
0.11147 0.122828 0.116826 
0.137884 0.0873819 0.0807617 
0.0526246 0.0370681 0.0367325 
0.0836187 0.0633483 0.152901 
0.110091 0.105882 0.109664 
0.123855 0.106989 0.110116 
0.22 0.214714 0.22 
0.109647 0.111048 0.111028 
sho6_rght
0.16368 0.0808707 0.163056 0.0754734 
0.148204 0.107409 0.16855 0.102591 
0.023543 0.0286009 0.0253101 0.0243308 
0.0296654 0.0392231 0.0372331 0.0351797 
0.0334638 0.0508035 0.0535326 0.0385995 
0.0543319 0.039506 0.0325858 0.0562792 
0.0907159 0.0414289 0.0441001 0.0296597 
0.118896 0.118792 0.100307 
sho6_frnt
0.12261 0.0922189 0.158581 
0.0987184 0.115981 0.120404 
0.146862 0.143384 0.146021 
0.161855 0.161326 0.117801 
0.158634 0.163558 0.165475 
0.167325 0.160586 0.179452 
0.163164 0.154847 0.179511 
0.136548 0.132011 0.086823 
sho6_left
0.0695045 0.0692972 0.116472 
0.0911847 0.091116 0.081482 
0.217297 0.218345 0.216938 
0.140295 0.122867 0.12464 
0.0695048 0.0695355 0.0734699 
0.069288 0.0719836 0.0708973 
0.0707787 0.0755464 0.0698041 
0.0683293 0.068395 0.0702261 
sho7_rght
0.164639 0.166233 0.151321 
0.203944 0.0856141 0.105783 
0.0791482 0.0601707 0.0426654 
0.198481 0.0450752 0.16192 
0.054103 0.191283 0.0487851 
0.0520451 0.056211 0.181685 
0.0357132 0.080598 0.177633 
0.184032 0.124684 0.134255 
sho7_frnt
0.119475 0.117238 0.161903 
0.115368 0.106 0.116237 
0.133757 0.132852 0.0370382 
0.0619452 0.14464 0.145363 
0.157471 0.158521 0.151539 
0.176545 0.173436 0.174198 
0.165686 0.0954565 0.160221 
0.139501 0.143317 0.132645 
sho7_left
0.136156 0.110877 0.182957 
0.12826 0.0706338 0.0824776 
0.208942 0.0369363 0.0557043 
0.200053 0.0596093 0.089373 
0.147543 0.227493 0.21911 
0.15991 0.111525 0.111573 
0.151073 0.260435 0.269691 
0.149963 0.158136 0.139561 
sho8_rght
0.147131 0.0524022 0.168399 0.210526 0.0960485 
0.0566729 0.0560555 0.117808 0.120922 
0.149474 0.0193507 0.114361 
0.162827 0.180698 0.168063 
0.0189857 0.0326706 0.0386942 
0.236453 0.0232254 0.0514007 0.128545 
0.0809229 0.0814612 0.0875559 
0.129603 0.22501 0.126312 
sho8_frnt
0.142582 0.144313 0.147662 
0.0833408 0.119983 0.105589 
0.129825 0.145467 0.0649174 
0.143302 0.0935422 0.103642 
0.0622574 0.139584 0.144371 
0.0258053 0.025936 0.07695 
0.107877 0.0538121 0.0466077 
0.149043 0.151146 0.150294 
sho8_left
0.0683595 0.0596707 0.121995 
0.0345719 0.0344982 0.113779 
0.207531 0.188938 0.142438 
0.161381 0.122396 0.128013 
0.107065 0.156411 0.101469 
0.0817556 0.154363 0.110701 
0.0612079 0.0544039 0.0850777 
0.0854831 0.0989713 0.126864 
sho9_rght
0.161962 0.160381 0.170278 
0.0890716 0.0815211 0.0951629 
0.0375467 0.0339159 0.0466297 
0.0318952 0.0350043 0.0532417 
0.0302864 0.029961 0.0288672 
0.0313779 0.0590825 0.0676679 
0.0349028 0.114004 0.0565222 
0.133547 0.136916 0.135602 
sho9_frnt
0.137915 0.146745 0.182979 
0.150744 0.156229 0.163909 
0.166482 0.166851 0.158672 
0.156833 0.159553 0.168762 
0.157247 0.158086 0.142517 
0.152689 0.156248 0.270424 
0.119724 0.11082 0.155402 
0.133124 0.132988 0.12189 
sho9_left
0.0838854 0.188138 0.0667292 0.165219 
0.0804932 0.0994256 0.08971 0.0827655 
0.0283295 0.0289897 0.0723819 0.0239698 
0.148615 0.0709422 0.139029 0.0897437 
0.185985 0.117884 0.111221 0.111183 
0.145026 0.0927464 0.103008 0.11334 
0.0470557 0.0453633 0.070291 0.038981 
0.153713 0.0399607 0.0931669 0.069453 
flaT_rght
0.120421 0.120966 0.165277 
0.0684021 0.0590563 0.0536272 
0 0 0 
0 0 0 
0 0 0.0138285 
0 0.0251125 0.0219154 
0.123068 0.125686 0.126502 
0.120895 0.121273 0.122159 
flaT_frnt
0 0 0.0375627 
0 0 0 
0.0504466 0.0510137 0.051738 
0 0 0 
0 0 0 
0.111572 0.0757764 0.114047 
0.128157 0.128874 0.12763 
0.022385 0.0314797 0.0332913 
flaT_left
0 0 0 0.0286637 
0 0 0 0 
0.0011132 0.00322991 0.0035094 0.00557605 
0.106956 0.128712 0.126697 
0.141612 0.143241 0.144686 
0.123661 0.125404 0.132722 
0.124476 0.126754 0.125732 
0 0.0260115 0.0012755 
star_rght
0.123188 0.125072 0.126564 0.149559 
0.0297855 0.057405 0.0509684 0.0547725 
0 0 0.00145939 0 
0 0 0 0 
0 0 0 0 
0.0312577 0.0319895 0.0318595 0.0362163 
0.125018 0.114211 0.103274 
0.120853 0.128795 
star_frnt
0 0 0.0358174 0.0495398 
0 0 0 0 
0.0588107 0.0654114 0.0521012 0.0499812 
0 0 0 0 
0 0 0 0 
0.0383653 0.0368618 0.0374913 0.0443335 
0.145619 0.145322 0.144354 0.147546 
0.0364651 0.0292675 0.0390502 0.040712 
star_left
0 0 0 0.00321625 0.0790088 
0 0 0 0.00394821 0.00425835 
0.0350234 0.038904 0.0379165 0.0410114 
0.0828269 0.0904942 0.0978368 0.0929691 
0.149945 0.150568 0.149161 0.148909 
0.138015 0.141832 0.138698 0.14323 
0.136588 0.136729 0.138244 0.13606 
0.0301941 0.0303709 0.0316053 0.0305822 
