[action labels]
drag_right
drag_left
drag_down
drag_down_right
[tool labels]
HOE1_rght 
0.180930 1.000000 0.288380 0.403820 
 0.000000 0.000000 0.000000 0.000000 
 0.205380 0.000000 0.000000 0.000000 
 1.000000 1.000000 1.000000 1.000000 
 HOE1_frnt 
0.000000 0.000000 0.000000 0.000000 
 0.000000 0.000000 0.000000 0.000000 
 0.121740 0.000000 0.000000 0.333970 
 0.816620 0.710620 0.781860 0.669270 
 HOE1_left 
0.000000 0.000000 0.053760 0.000000 
 0.180500 0.577690 0.000000 0.593030 
 1.000000 1.000000 1.000000 1.000000 
 0.000000 0.054520 0.168340 0.093850 
 HOE2_rght 
0.235040 0.032310 1.000000 0.687330 
 0.000000 0.000000 0.000000 0.000000 
 0.342740 0.118230 0.282310 0.110840 
 1.000000 1.000000 1.000000 1.000000 
 HOE2_frnt 
0.000000 0.007400 0.000000 0.000000 
 0.155780 0.000000 0.000000 0.000000 
 0.613930 0.180550 0.104780 0.175720 
 0.473020 0.257580 0.021050 0.440310 
 HOE2_left 
0.000000 0.000000 0.000000 0.000000 
 0.744350 0.000000 0.488780 0.467200 
 1.000000 1.000000 1.000000 1.000000 
 0.062780 0.136840 0.070410 0.077280 
 HOE3_rght 
0.247980 0.136050 0.205540 0.070400 
 0.000000 0.000000 0.000000 0.000000 
 0.000000 0.000000 0.000000 0.000000 
 1.000000 1.000000 1.000000 1.000000 
 HOE3_frnt 
0.000000 0.000000 0.062800 0.000000 
 0.000000 0.000000 0.000000 0.000000 
 0.000000 0.000000 0.000000 0.000000 
 0.404760 0.113670 0.723130 0.947820 
 HOE3_left 
0.000000 0.000000 0.000000 0.000000 
 0.251470 0.477630 0.413400 0.336600 
 1.000000 1.000000 1.000000 1.000000 
 0.049900 0.000000 0.000000 0.000000 
 HOK1_rght 
1.000000 0.996850 1.000000 1.000000 
 0.761520 1.000000 1.000000 1.000000 
 1.000000 1.000000 1.000000 1.000000 
 1.000000 1.000000 1.000000 1.000000 
 HOK1_frnt 
0.369510 0.783980 0.315570 0.442180 
 0.000000 0.000000 0.000000 0.000000 
 0.000000 0.000000 0.000000 0.000000 
 0.343810 0.740610 0.810410 0.000000 
 HOK1_left 
0.628240 0.595370 0.533010 0.192270 
 1.000000 1.000000 1.000000 1.000000 
 1.000000 1.000000 1.000000 1.000000 
 0.839900 0.847180 0.798650 0.836110 
 HOK2_rght 
0.269170 0.496490 0.422200 0.103770 
 0.000000 0.037830 0.000000 0.000000 
 1.000000 1.000000 1.000000 1.000000 
 0.914220 1.000000 1.000000 1.000000 
 HOK2_frnt 
0.000000 0.000000 0.575090 0.000000 
 0.000000 0.000000 0.000000 0.159110 
 0.000000 0.272860 0.001580 0.000000 
 0.007430 0.413640 0.298960 0.388900 
 HOK2_left 
0.562930 0.587480 0.174860 0.000000 
 0.414130 0.171400 0.000000 0.621920 
 1.000000 1.000000 1.000000 1.000000 
 0.937920 1.000000 0.869090 0.914590 
 HOK3_rght 
0.760650 0.723630 0.692220 0.651400 
 0.844680 0.830970 0.827980 0.945980 
 1.000000 1.000000 1.000000 1.000000 
 1.000000 0.973740 0.983750 0.983920 
 HOK3_frnt 
0.419690 0.459990 0.226220 0.648700 
 0.000000 0.000000 0.000000 0.000000 
 0.000000 0.000000 0.014850 0.000000 
 0.000000 0.000000 0.000000 0.000000 
 HOK3_left 
0.662430 0.615450 0.800300 0.826680 
 0.939670 1.000000 1.000000 0.992670 
 1.000000 1.000000 1.000000 1.000000 
 0.737590 0.715020 0.807580 0.710470 
 RAK1_rght 
1.000000 0.551850 0.512360 0.179570 
 0.000000 0.000000 0.000000 0.000000 
 0.000000 0.000000 0.000000 0.000000 
 0.610740 0.703230 0.733420 0.696990 
 RAK1_frnt 
0.000000 0.000000 0.000000 0.000000 
 0.000000 0.000000 0.000000 0.000000 
 0.937980 1.000000 0.793540 0.929390 
 0.753980 0.927930 0.591020 0.595820 
 RAK1_left 
0.000000 0.000000 0.000000 0.000000 
 0.523360 0.000000 0.156880 0.095300 
 1.000000 1.000000 1.000000 1.000000 
 0.000000 0.000000 0.000000 0.000000 
 RAK2_rght 
0.487850 0.468900 0.332690 0.312580 
 0.000000 0.000000 0.000000 0.000000 
 0.033830 0.118980 0.045310 0.057980 
 1.000000 1.000000 1.000000 1.000000 
 RAK2_frnt 
0.000000 0.169320 0.000000 0.000000 
 0.000000 0.000000 0.476730 0.000000 
 0.750630 0.991380 1.000000 1.000000 
 0.594430 0.517450 0.782340 0.759190 
 RAK2_left 
0.000000 0.000000 0.000000 0.000000 
 0.874270 1.000000 0.623200 0.651190 
 1.000000 1.000000 1.000000 1.000000 
 0.000000 0.000000 0.000000 0.000000 
 RAK3_rght 
0.274660 0.913060 0.686110 0.820670 
 0.216080 0.000000 0.070340 0.000000 
 0.000000 0.000000 0.000000 0.000000 
 0.923730 1.000000 1.000000 0.907790 
 RAK3_frnt 
0.000000 0.633460 0.000000 0.000000 
 0.000000 0.000000 0.000000 0.000000 
 0.007290 1.000000 1.000000 1.000000 
 0.948530 0.940960 0.953400 0.791960 
 RAK3_left 
0.000000 0.010170 0.000000 0.000000 
 1.000000 1.000000 0.946820 0.286360 
 1.000000 1.000000 1.000000 1.000000 
 0.000000 0.000000 0.000000 0.000000 
 STI1_rght 
0.000000 0.000000 0.000000 0.000000 
 0.000000 0.000000 0.000000 0.000000 
 0.000000 0.000000 0.000000 0.000000 
 0.000000 0.000000 0.000000 0.000000 
 STI1_frnt 
0.000000 0.000000 0.000000 0.000000 
 0.000000 0.000000 0.000000 0.000000 
 0.000000 0.000000 0.000000 0.000000 
 0.000000 0.000000 0.000000 0.000000 
 STI1_left 
0.000000 0.000000 0.000000 0.000000 
 0.000000 0.000000 0.000000 0.000000 
 0.000000 0.000000 0.000000 0.000000 
 0.000000 0.000000 0.000000 0.000000 
 STI2_rght 
1.000000 1.000000 0.925780 0.529400 
 0.000000 0.000000 0.000000 0.000000 
 0.000000 0.000000 0.000000 0.000000 
 1.000000 0.822670 0.615070 0.837630 
 STI2_frnt 
0.000000 0.000000 0.000000 0.602220 
 0.000000 0.000000 0.000000 0.000000 
 0.000000 0.000000 0.000000 0.000000 
 0.000000 0.505130 0.000000 0.024940 
 STI2_left 
0.000000 0.000000 0.000000 0.000000 
 0.379030 0.529950 0.285630 0.450730 
 0.838030 1.000000 0.614990 1.000000 
 0.130950 0.000000 0.000000 0.000000 
 STI3_rght 
0.496870 0.584400 0.526930 0.839200 
 0.000000 0.000000 0.000000 0.000000 
 0.000000 0.000000 0.209670 0.000000 
 0.000000 0.000000 0.124560 0.008210 
 STI3_frnt 
0.000000 0.000000 0.000000 0.000000 
 0.000000 0.000000 0.000000 0.000000 
 0.213040 0.000000 0.128470 0.115790 
 0.565530 0.000000 0.000000 0.663870 
 STI3_left 
0.000000 0.000000 0.000000 0.000000 
 0.000000 0.000000 0.000000 0.000000 
 0.580700 0.710260 0.997490 0.364940 
 0.419140 0.000000 0.000000 0.000000 
 SHO1_rght 
1.000000 0.861450 0.646460 1.000000 
 0.000000 0.000000 0.000000 0.000000 
 0.000000 0.000000 0.000000 0.000000 
 0.230070 0.098250 0.090780 0.196040 
 SHO1_frnt 
0.287450 0.860510 0.570000 0.793190 
 1.000000 0.296770 0.961870 0.611480 
 0.278660 0.412650 0.979790 0.377180 
 0.872760 0.873650 0.663690 0.863530 
 SHO1_left 
0.000000 0.000000 0.000000 0.000000 
 0.730590 0.937480 0.904210 0.944190 
 1.000000 1.000000 0.640160 0.436070 
 0.000000 0.000000 0.000000 0.000000 
 SHO2_rght 
0.000000 1.000000 0.563770 0.427710 
 0.000000 0.000000 0.000000 0.000000 
 0.000000 0.000000 0.000000 0.000000 
 0.383400 0.361750 0.504760 0.301860 
 SHO2_frnt 
0.745870 1.000000 1.000000 1.000000 
 0.970940 1.000000 1.000000 1.000000 
 1.000000 1.000000 1.000000 1.000000 
 1.000000 0.811370 0.784250 0.660860 
 SHO2_left 
0.000000 0.000000 0.000000 0.000000 
 1.000000 0.818900 1.000000 1.000000 
 1.000000 1.000000 0.987970 1.000000 
 0.000000 0.000000 0.000000 0.000000 
 SHO3_rght 
0.264890 1.000000 0.665930 0.769070 
 0.000000 0.000000 0.000000 0.000000 
 0.000000 0.000000 0.000000 0.000000 
 0.273070 0.489210 0.152830 0.231520 
 SHO3_frnt 
0.221670 0.916190 0.776080 0.621050 
 0.944090 0.828610 0.753980 1.000000 
 1.000000 1.000000 1.000000 1.000000 
 0.580320 0.444610 0.709820 0.488770 
 SHO3_left 
0.000000 0.000000 0.000000 0.000000 
 1.000000 1.000000 1.000000 0.933380 
 1.000000 1.000000 1.000000 1.000000 
 0.000000 0.000000 0.000000 0.000000 
